tide data (time,eta,u,v) 
       0.0    0.0000    0.0000    0.0000
    2000.0    0.2774    0.0000    0.0000
    4000.0    0.5330    0.0000    0.0000
    6000.0    0.7467    0.0000    0.0000
    8000.0    0.9019    0.0000    0.0000
   10000.0    0.9863    0.0000    0.0000
   12000.0    0.9933    0.0000    0.0000
   14000.0    0.9224    0.0000    0.0000
   16000.0    0.7791    0.0000    0.0000
   18000.0    0.5746    0.0000    0.0000
   20000.0    0.3251    0.0000    0.0000
   22000.0    0.0500    0.0000    0.0000
   24000.0   -0.2290   -0.0000   -0.0000
   26000.0   -0.4900   -0.0000   -0.0000
   28000.0   -0.7126   -0.0000   -0.0000
   30000.0   -0.8792   -0.0000   -0.0000
   32000.0   -0.9769   -0.0000   -0.0000
   34000.0   -0.9979   -0.0000   -0.0000
   36000.0   -0.9406   -0.0000   -0.0000
   38000.0   -0.8094   -0.0000   -0.0000
   40000.0   -0.6148   -0.0000   -0.0000
   42000.0   -0.3719   -0.0000   -0.0000
   44000.0   -0.0999   -0.0000   -0.0000
   46000.0    0.1800    0.0000    0.0000
   48000.0    0.4458    0.0000    0.0000
   50000.0    0.6766    0.0000    0.0000
   52000.0    0.8543    0.0000    0.0000
   54000.0    0.9649    0.0000    0.0000
   56000.0    0.9999    0.0000    0.0000
   58000.0    0.9564    0.0000    0.0000
   60000.0    0.8378    0.0000    0.0000
   62000.0    0.6535    0.0000    0.0000
   64000.0    0.4179    0.0000    0.0000
   66000.0    0.1495    0.0000    0.0000
   68000.0   -0.1306   -0.0000   -0.0000
   70000.0   -0.4005   -0.0000   -0.0000
   72000.0   -0.6389   -0.0000   -0.0000
   74000.0   -0.8272   -0.0000   -0.0000
   76000.0   -0.9506   -0.0000   -0.0000
   78000.0   -0.9994   -0.0000   -0.0000
   80000.0   -0.9698   -0.0000   -0.0000
   82000.0   -0.8641   -0.0000   -0.0000
   84000.0   -0.6905   -0.0000   -0.0000
   86000.0   -0.4628   -0.0000   -0.0000
   88000.0   -0.1988   -0.0000   -0.0000
   90000.0    0.0809    0.0000    0.0000
   92000.0    0.3541    0.0000    0.0000
   94000.0    0.5996    0.0000    0.0000
   96000.0    0.7981    0.0000    0.0000
