   0.00000E+0000   0.00000E+0000   0.00000E+0000   0.00000E+0000
   0.53538E+0000  -0.86677E-0006  -0.11836E-0006  -0.56858E-0007
   0.10143E+0001  -0.10827E-0005  -0.22290E-0006  -0.12356E-0006
   0.15464E+0001  -0.24293E-0005  -0.23401E-0006  -0.16451E-0006
   0.20253E+0001  -0.20978E-0005  -0.38368E-0006  -0.23209E-0006
   0.25042E+0001  -0.33301E-0005  -0.41588E-0006  -0.28160E-0006
   0.30364E+0001  -0.43288E-0005  -0.39572E-0006  -0.32355E-0006
   0.35153E+0001  -0.44289E-0005  -0.42367E-0006  -0.39159E-0006
   0.40474E+0001  -0.52591E-0005  -0.36365E-0006  -0.47462E-0006
   0.45263E+0001  -0.65726E-0005  -0.58140E-0006  -0.52331E-0006
   0.50052E+0001  -0.74275E-0005  -0.70648E-0006  -0.55661E-0006
   0.55374E+0001  -0.71526E-0005  -0.63138E-0006  -0.62829E-0006
   0.60163E+0001  -0.77022E-0005  -0.85222E-0006  -0.68668E-0006
   0.65484E+0001  -0.91772E-0005  -0.13059E-0005  -0.71877E-0006
   0.70273E+0001  -0.99718E-0005  -0.14953E-0005  -0.77890E-0006
   0.75062E+0001  -0.92376E-0005  -0.14199E-0005  -0.84018E-0006
   0.80384E+0001  -0.93900E-0005  -0.15505E-0005  -0.91245E-0006
   0.85173E+0001  -0.10691E-0004  -0.20999E-0005  -0.95692E-0006
   0.90494E+0001  -0.11863E-0004  -0.27562E-0005  -0.10084E-0005
   0.95283E+0001  -0.11516E-0004  -0.30159E-0005  -0.10758E-0005
   0.10007E+0002  -0.11596E-0004  -0.32776E-0005  -0.11425E-0005
   0.10537E+0002  -0.12726E-0004  -0.37568E-0005  -0.11839E-0005
   0.11006E+0002  -0.12664E-0004  -0.39738E-0005  -0.12531E-0005
   0.11524E+0002  -0.12737E-0004  -0.42099E-0005  -0.13247E-0005
   0.12041E+0002  -0.13889E-0004  -0.47313E-0005  -0.13970E-0005
   0.12509E+0002  -0.15187E-0004  -0.50142E-0005  -0.14271E-0005
   0.13030E+0002  -0.16385E-0004  -0.47764E-0005  -0.14704E-0005
   0.13549E+0002  -0.15917E-0004  -0.46088E-0005  -0.15427E-0005
   0.14016E+0002  -0.15217E-0004  -0.51093E-0005  -0.16062E-0005
   0.14535E+0002  -0.16333E-0004  -0.68216E-0005  -0.16624E-0005
   0.15049E+0002  -0.19473E-0004  -0.97294E-0005  -0.16832E-0005
   0.15508E+0002  -0.23681E-0004  -0.13989E-0004  -0.17022E-0005
   0.16018E+0002  -0.30492E-0004  -0.22533E-0004  -0.17235E-0005
   0.16532E+0002  -0.41592E-0004  -0.38554E-0004  -0.17454E-0005
   0.17048E+0002  -0.62065E-0004  -0.67196E-0004  -0.17664E-0005
   0.17512E+0002  -0.95012E-0004  -0.11056E-0003  -0.17720E-0005
   0.18027E+0002  -0.15733E-0003  -0.19070E-0003  -0.17636E-0005
   0.18542E+0002  -0.26165E-0003  -0.32451E-0003  -0.17443E-0005
   0.19005E+0002  -0.41155E-0003  -0.51580E-0003  -0.17206E-0005
   0.19520E+0002  -0.67490E-0003  -0.84758E-0003  -0.16896E-0005
   0.20036E+0002  -0.10927E-0002  -0.13667E-0002  -0.16552E-0005
   0.20501E+0002  -0.16638E-0002  -0.20685E-0002  -0.16231E-0005
   0.21018E+0002  -0.26090E-0002  -0.32187E-0002  -0.15864E-0005
   0.21534E+0002  -0.40124E-0002  -0.49091E-0002  -0.15489E-0005
   0.22050E+0002  -0.60520E-0002  -0.73405E-0002  -0.15108E-0005
   0.22513E+0002  -0.86093E-0002  -0.10360E-0001  -0.14762E-0005
   0.23024E+0002  -0.12473E-0001  -0.14880E-0001  -0.14380E-0005
   0.23535E+0002  -0.17721E-0001  -0.20964E-0001  -0.13995E-0005
   0.24047E+0002  -0.24707E-0001  -0.28997E-0001  -0.13610E-0005
   0.24510E+0002  -0.32799E-0001  -0.38234E-0001  -0.13257E-0005
   0.25025E+0002  -0.44116E-0001  -0.51057E-0001  -0.12868E-0005
   0.25540E+0002  -0.58146E-0001  -0.66846E-0001  -0.12484E-0005
   0.26004E+0002  -0.73262E-0001  -0.83757E-0001  -0.12154E-0005
   0.26519E+0002  -0.92897E-0001  -0.10560E+0000  -0.11769E-0005
   0.27033E+0002  -0.11543E+0000  -0.13055E+0000  -0.11379E-0005
   0.27548E+0002  -0.14057E+0000  -0.15826E+0000  -0.11003E-0005
   0.28011E+0002  -0.16500E+0000  -0.18507E+0000  -0.10660E-0005
   0.28525E+0002  -0.19345E+0000  -0.21613E+0000  -0.10315E-0005
   0.29039E+0002  -0.22226E+0000  -0.24737E+0000  -0.10012E-0005
   0.29502E+0002  -0.24741E+0000  -0.27437E+0000  -0.96787E-0006
   0.30016E+0002  -0.27296E+0000  -0.30135E+0000  -0.92980E-0006
   0.30529E+0002  -0.29389E+0000  -0.32272E+0000  -0.88711E-0006
   0.31038E+0002  -0.30807E+0000  -0.33553E+0000  -0.84549E-0006
   0.31546E+0002  -0.31095E+0000  -0.33609E+0000  -0.82011E-0006
   0.32006E+0002  -0.30271E+0000  -0.32322E+0000  -0.86311E-0006
   0.32520E+0002  -0.27589E+0000  -0.28915E+0000  -0.90726E-0006
   0.33034E+0002  -0.22600E+0000  -0.22976E+0000  -0.95128E-0006
   0.33548E+0002  -0.14797E+0000  -0.14145E+0000  -0.99295E-0006
   0.34010E+0002  -0.51146E-0001  -0.36872E-0001  -0.10277E-0005
   0.34524E+0002   0.84344E-0001   0.10185E+0000  -0.10639E-0005
   0.35037E+0002   0.23756E+0000   0.24928E+0000  -0.11001E-0005
   0.35550E+0002   0.38212E+0000   0.37913E+0000  -0.11371E-0005
   0.36011E+0002   0.47272E+0000   0.45257E+0000  -0.11724E-0005
   0.36523E+0002   0.47752E+0000   0.46127E+0000  -0.11896E-0005
   0.37035E+0002   0.40594E+0000   0.39647E+0000  -0.11548E-0005
   0.37547E+0002   0.26900E+0000   0.27505E+0000  -0.11355E-0005
   0.38008E+0002   0.12666E+0000   0.14612E+0000  -0.11212E-0005
   0.38519E+0002  -0.14558E-0001   0.15987E-0001  -0.10977E-0005
   0.39029E+0002  -0.11221E+0000  -0.67609E-0001  -0.10671E-0005
   0.39538E+0002  -0.13107E+0000  -0.74291E-0001  -0.10459E-0005
   0.40049E+0002  -0.66482E-0001   0.17693E-0001  -0.10827E-0005
   0.40509E+0002   0.96976E-0001   0.20740E+0000  -0.11054E-0005
   0.41020E+0002   0.42449E+0000   0.54719E+0000  -0.11174E-0005
   0.41531E+0002   0.92123E+0000   0.99389E+0000  -0.11080E-0005
   0.42042E+0002   0.15458E+0001   0.14273E+0001  -0.10989E-0005
   0.42502E+0002   0.17536E+0001   0.16014E+0001  -0.11112E-0005
   0.43012E+0002   0.15774E+0001   0.14809E+0001  -0.10970E-0005
   0.43522E+0002   0.10711E+0001   0.11181E+0001  -0.11252E-0005
   0.44032E+0002   0.57978E+0000   0.70934E+0000  -0.11584E-0005
   0.44541E+0002   0.25431E+0000   0.40224E+0000  -0.11559E-0005
   0.45050E+0002   0.12154E+0000   0.26329E+0000  -0.11330E-0005
   0.45507E+0002   0.15043E+0000   0.29303E+0000  -0.11481E-0005
   0.46016E+0002   0.34763E+0000   0.49545E+0000  -0.11648E-0005
   0.46523E+0002   0.73435E+0000   0.86035E+0000  -0.11617E-0005
   0.47031E+0002   0.12859E+0001   0.13184E+0001  -0.11481E-0005
   0.47538E+0002   0.18459E+0001   0.17011E+0001  -0.11462E-0005
   0.48045E+0002   0.19093E+0001   0.17916E+0001  -0.11488E-0005
   0.48501E+0002   0.16480E+0001   0.16201E+0001  -0.11394E-0005
   0.49007E+0002   0.11737E+0001   0.12648E+0001  -0.11558E-0005
   0.49513E+0002   0.76650E+0000   0.90400E+0000  -0.11697E-0005
   0.50524E+0002   0.37572E+0000   0.48726E+0000  -0.11198E-0005
   0.51029E+0002   0.35850E+0000   0.44596E+0000  -0.11071E-0005
   0.51534E+0002   0.41023E+0000   0.48897E+0000  -0.11526E-0005
   0.52038E+0002   0.52279E+0000   0.59936E+0000  -0.11814E-0005
   0.52542E+0002   0.68420E+0000   0.76295E+0000  -0.12021E-0005
   0.53039E+0002   0.88411E+0000   0.96446E+0000  -0.12244E-0005
   0.53528E+0002   0.11096E+0001   0.11851E+0001  -0.12461E-0005
   0.54010E+0002   0.13399E+0001   0.13989E+0001  -0.12653E-0005
   0.54540E+0002   0.15571E+0001   0.15828E+0001  -0.12782E-0005
   0.55026E+0002   0.16400E+0001   0.16496E+0001  -0.13054E-0005
   0.55515E+0002   0.15870E+0001   0.15939E+0001  -0.12807E-0005
   0.56044E+0002   0.13764E+0001   0.14089E+0001  -0.12493E-0005
   0.56518E+0002   0.11207E+0001   0.11799E+0001  -0.12340E-0005
   0.57038E+0002   0.84937E+0000   0.92350E+0000  -0.12224E-0005
   0.57514E+0002   0.65493E+0000   0.72521E+0000  -0.11957E-0005
   0.58046E+0002   0.52069E+0000   0.56881E+0000  -0.11481E-0005
   0.58533E+0002   0.46740E+0000   0.48651E+0000  -0.10973E-0005
   0.59020E+0002   0.47720E+0000   0.45352E+0000  -0.11079E-0005
   0.59502E+0002   0.52393E+0000   0.45304E+0000  -0.11442E-0005
   0.60028E+0002   0.60916E+0000   0.47506E+0000  -0.11815E-0005
   0.60506E+0002   0.71349E+0000   0.50692E+0000  -0.12082E-0005
   0.61035E+0002   0.86538E+0000   0.55328E+0000  -0.12409E-0005
   0.61519E+0002   0.10602E+0001   0.60882E+0000  -0.12586E-0005
   0.62004E+0002   0.13307E+0001   0.67700E+0000  -0.12682E-0005
   0.62536E+0002   0.17216E+0001   0.74741E+0000  -0.12542E-0005
   0.63017E+0002   0.21200E+0001   0.76440E+0000  -0.12411E-0005
   0.63546E+0002   0.24853E+0001   0.66578E+0000  -0.12529E-0005
   0.64029E+0002   0.26410E+0001   0.44337E+0000  -0.12685E-0005
   0.64511E+0002   0.26141E+0001   0.14112E+0000  -0.12540E-0005
   0.65042E+0002   0.24507E+0001  -0.18106E+0000  -0.12318E-0005
   0.65525E+0002   0.22069E+0001  -0.38721E+0000  -0.12131E-0005
   0.66008E+0002   0.19141E+0001  -0.48256E+0000  -0.12004E-0005
   0.66538E+0002   0.15980E+0001  -0.48037E+0000  -0.12008E-0005
   0.67021E+0002   0.13506E+0001  -0.41836E+0000  -0.11851E-0005
   0.67506E+0002   0.11673E+0001  -0.33274E+0000  -0.11692E-0005
   0.68038E+0002   0.10534E+0001  -0.23536E+0000  -0.11549E-0005
   0.68519E+0002   0.10374E+0001  -0.14979E+0000  -0.11538E-0005
   0.69047E+0002   0.11259E+0001  -0.51784E-0001  -0.11937E-0005
   0.69528E+0002   0.13127E+0001   0.51759E-0001  -0.12171E-0005
   0.70010E+0002   0.16050E+0001   0.17439E+0000  -0.12157E-0005
   0.70538E+0002   0.20215E+0001   0.31891E+0000  -0.12000E-0005
   0.71017E+0002   0.24134E+0001   0.42665E+0000  -0.12227E-0005
   0.71544E+0002   0.26933E+0001   0.46464E+0000  -0.12478E-0005
   0.72024E+0002   0.27430E+0001   0.40862E+0000  -0.12783E-0005
   0.72503E+0002   0.25872E+0001   0.28363E+0000  -0.12391E-0005
   0.73029E+0002   0.22752E+0001   0.11808E+0000  -0.12175E-0005
   0.73507E+0002   0.19583E+0001  -0.14634E-0001  -0.12219E-0005
   0.74033E+0002   0.16439E+0001  -0.12328E+0000  -0.12150E-0005
   0.74511E+0002   0.14250E+0001  -0.19215E+0000  -0.11857E-0005
   0.75036E+0002   0.12695E+0001  -0.24874E+0000  -0.11812E-0005
   0.75513E+0002   0.11988E+0001  -0.29433E+0000  -0.11622E-0005
   0.76039E+0002   0.11938E+0001  -0.34085E+0000  -0.11559E-0005
   0.76516E+0002   0.12534E+0001  -0.37103E+0000  -0.11900E-0005
   0.77041E+0002   0.13931E+0001  -0.37003E+0000  -0.12296E-0005
   0.77518E+0002   0.15750E+0001  -0.31551E+0000  -0.12387E-0005
   0.78043E+0002   0.18287E+0001  -0.17371E+0000  -0.12621E-0005
   0.78520E+0002   0.20952E+0001   0.29952E-0001  -0.12706E-0005
   0.79044E+0002   0.23819E+0001   0.29596E+0000  -0.12832E-0005
   0.79522E+0002   0.25625E+0001   0.50339E+0000  -0.12988E-0005
   0.80046E+0002   0.25451E+0001   0.60517E+0000  -0.12763E-0005
   0.80524E+0002   0.23685E+0001   0.56643E+0000  -0.12542E-0005
   0.81001E+0002   0.21180E+0001   0.42705E+0000  -0.12213E-0005
   0.81526E+0002   0.18420E+0001   0.21228E+0000  -0.12346E-0005
   0.82004E+0002   0.16530E+0001   0.72900E-0002  -0.12208E-0005
   0.82529E+0002   0.15290E+0001  -0.19640E+0000  -0.11867E-0005
   0.83007E+0002   0.14752E+0001  -0.34786E+0000  -0.11466E-0005
   0.83533E+0002   0.14498E+0001  -0.46832E+0000  -0.11074E-0005
   0.84011E+0002   0.14382E+0001  -0.52764E+0000  -0.10729E-0005
   0.84537E+0002   0.14249E+0001  -0.52872E+0000  -0.10361E-0005
   0.85015E+0002   0.14274E+0001  -0.46583E+0000  -0.10229E-0005
   0.85542E+0002   0.14821E+0001  -0.32547E+0000  -0.10701E-0005
   0.86021E+0002   0.15954E+0001  -0.14010E+0000  -0.11036E-0005
   0.86548E+0002   0.18086E+0001   0.10780E+0000  -0.11448E-0005
   0.87027E+0002   0.20750E+0001   0.34126E+0000  -0.11440E-0005
   0.87507E+0002   0.23549E+0001   0.53170E+0000  -0.11752E-0005
   0.88035E+0002   0.25305E+0001   0.61766E+0000  -0.11933E-0005
   0.88515E+0002   0.25219E+0001   0.55977E+0000  -0.12166E-0005
   0.89044E+0002   0.23424E+0001   0.37902E+0000  -0.11958E-0005
   0.89524E+0002   0.21064E+0001   0.16928E+0000  -0.11756E-0005
   0.90005E+0002   0.18684E+0001  -0.28118E-0001  -0.11692E-0005
   0.90535E+0002   0.16439E+0001  -0.19725E+0000  -0.11388E-0005
   0.91017E+0002   0.14875E+0001  -0.30318E+0000  -0.10969E-0005
   0.91547E+0002   0.13730E+0001  -0.37805E+0000  -0.10558E-0005
   0.92030E+0002   0.13196E+0001  -0.41903E+0000  -0.10150E-0005
   0.92513E+0002   0.13137E+0001  -0.43773E+0000  -0.99999E-0006
   0.93044E+0002   0.13612E+0001  -0.42634E+0000  -0.10519E-0005
   0.93528E+0002   0.14490E+0001  -0.37312E+0000  -0.10937E-0005
   0.94012E+0002   0.15909E+0001  -0.26172E+0000  -0.11142E-0005
   0.94544E+0002   0.18121E+0001  -0.63431E-0001  -0.11318E-0005
   0.95026E+0002   0.20617E+0001   0.16970E+0000  -0.11470E-0005
   0.95509E+0002   0.23177E+0001   0.40838E+0000  -0.11729E-0005
   0.96041E+0002   0.25204E+0001   0.59394E+0000  -0.12058E-0005
   0.96525E+0002   0.25162E+0001   0.62445E+0000  -0.12086E-0005
   0.97009E+0002   0.23722E+0001   0.52418E+0000  -0.11839E-0005
   0.97539E+0002   0.21226E+0001   0.30921E+0000  -0.11600E-0005
   0.98020E+0002   0.18976E+0001   0.84257E-0001  -0.11387E-0005
   0.98500E+0002   0.17152E+0001  -0.11968E+0000  -0.10959E-0005
   0.99029E+0002   0.15679E+0001  -0.29140E+0000  -0.10748E-0005
   0.99509E+0002   0.14701E+0001  -0.39401E+0000  -0.10415E-0005
   0.10004E+0003   0.13906E+0001  -0.45418E+0000  -0.99659E-0006
   0.10100E+0003   0.13358E+0001  -0.44884E+0000  -0.92663E-0006
   0.10153E+0003   0.13797E+0001  -0.38705E+0000  -0.97839E-0006
   0.10201E+0003   0.14851E+0001  -0.28705E+0000  -0.10137E-0005
   0.10254E+0003   0.16778E+0001  -0.12121E+0000  -0.10450E-0005
   0.10301E+0003   0.19189E+0001   0.77866E-0001  -0.10693E-0005
   0.10354E+0003   0.22261E+0001   0.32242E+0000  -0.10902E-0005
   0.10402E+0003   0.24819E+0001   0.51356E+0000  -0.11044E-0005
   0.10451E+0003   0.25654E+0001   0.60143E+0000  -0.11277E-0005
   0.10504E+0003   0.24752E+0001   0.55381E+0000  -0.10993E-0005
   0.10552E+0003   0.22553E+0001   0.39993E+0000  -0.10854E-0005
   0.10605E+0003   0.19739E+0001   0.17101E+0000  -0.10601E-0005
   0.10653E+0003   0.17554E+0001  -0.36525E-0001  -0.10577E-0005
   0.10701E+0003   0.15957E+0001  -0.21153E+0000  -0.10288E-0005
   0.10754E+0003   0.14803E+0001  -0.35254E+0000  -0.97516E-0006
   0.10801E+0003   0.14139E+0001  -0.43324E+0000  -0.94405E-0006
   0.10854E+0003   0.13693E+0001  -0.47418E+0000  -0.90979E-0006
   0.10902E+0003   0.13565E+0001  -0.47094E+0000  -0.88355E-0006
   0.10950E+0003   0.13738E+0001  -0.43023E+0000  -0.91332E-0006
   0.11003E+0003   0.14495E+0001  -0.33758E+0000  -0.95169E-0006
   0.11051E+0003   0.15816E+0001  -0.20469E+0000  -0.96263E-0006
   0.11103E+0003   0.18049E+0001  -0.36845E-0002  -0.98237E-0006
   0.11151E+0003   0.20692E+0001   0.21455E+0000  -0.10199E-0005
   0.11204E+0003   0.23733E+0001   0.44676E+0000  -0.10381E-0005
   0.11252E+0003   0.25570E+0001   0.58111E+0000  -0.10589E-0005
   0.11304E+0003   0.25370E+0001   0.58502E+0000  -0.10312E-0005
   0.11353E+0003   0.23669E+0001   0.46665E+0000  -0.10082E-0005
   0.11401E+0003   0.21143E+0001   0.27245E+0000  -0.99946E-0006
   0.11454E+0003   0.18452E+0001   0.37832E-0001  -0.98324E-0006
   0.11503E+0003   0.16557E+0001  -0.15048E+0000  -0.94912E-0006
   0.11552E+0003   0.15243E+0001  -0.29557E+0000  -0.92075E-0006
   0.11601E+0003   0.14396E+0001  -0.39389E+0000  -0.88640E-0006
   0.11651E+0003   0.13886E+0001  -0.44915E+0000  -0.83699E-0006
   0.11705E+0003   0.13674E+0001  -0.46448E+0000  -0.80584E-0006
   0.11754E+0003   0.13780E+0001  -0.43862E+0000  -0.82141E-0006
   0.11803E+0003   0.14330E+0001  -0.37128E+0000  -0.85363E-0006
   0.11852E+0003   0.15419E+0001  -0.25735E+0000  -0.88830E-0006
   0.11901E+0003   0.17133E+0001  -0.94119E-0001  -0.92282E-0006
   0.11950E+0003   0.19456E+0001   0.11000E+0000  -0.93595E-0006
   0.12004E+0003   0.22343E+0001   0.34528E+0000  -0.96705E-0006
   0.12053E+0003   0.24579E+0001   0.50821E+0000  -0.98555E-0006
   0.12102E+0003   0.24974E+0001   0.55607E+0000  -0.10078E-0005
   0.12152E+0003   0.23982E+0001   0.48369E+0000  -0.95582E-0006
   0.12201E+0003   0.21808E+0001   0.31719E+0000  -0.93969E-0006
   0.12255E+0003   0.19136E+0001   0.91112E-0001  -0.90846E-0006
   0.12304E+0003   0.17092E+0001  -0.10060E+0000  -0.88923E-0006
   0.12353E+0003   0.15608E+0001  -0.25178E+0000  -0.85603E-0006
   0.12402E+0003   0.14650E+0001  -0.35535E+0000  -0.80615E-0006
   0.12451E+0003   0.14110E+0001  -0.41448E+0000  -0.77349E-0006
   0.12501E+0003   0.13912E+0001  -0.43453E+0000  -0.72405E-0006
   0.12555E+0003   0.14041E+0001  -0.41525E+0000  -0.74266E-0006
   0.12604E+0003   0.14548E+0001  -0.35761E+0000  -0.78489E-0006
   0.12653E+0003   0.15516E+0001  -0.25588E+0000  -0.81778E-0006
   0.12702E+0003   0.17041E+0001  -0.10567E+0000  -0.84078E-0006
   0.12751E+0003   0.19153E+0001   0.87700E-0001  -0.87505E-0006
   0.12801E+0003   0.21653E+0001   0.29879E+0000  -0.89310E-0006
   0.12855E+0003   0.24244E+0001   0.49027E+0000  -0.93409E-0006
   0.12904E+0003   0.24928E+0001   0.55339E+0000  -0.97750E-0006
   0.12953E+0003   0.24183E+0001   0.49347E+0000  -0.93310E-0006
   0.13002E+0003   0.22091E+0001   0.33146E+0000  -0.90335E-0006
   0.13051E+0003   0.19565E+0001   0.12166E+0000  -0.87325E-0006
   0.13101E+0003   0.17304E+0001  -0.81797E-0001  -0.84798E-0006
   0.13155E+0003   0.15480E+0001  -0.25964E+0000  -0.82497E-0006
   0.13204E+0003   0.14446E+0001  -0.36800E+0000  -0.79532E-0006
   0.13253E+0003   0.13904E+0001  -0.42791E+0000  -0.75368E-0006
   0.13302E+0003   0.13790E+0001  -0.44505E+0000  -0.74946E-0006
   0.13351E+0003   0.13983E+0001  -0.42490E+0000  -0.78124E-0006
   0.13400E+0003   0.14520E+0001  -0.36772E+0000  -0.81985E-0006
   0.13454E+0003   0.15559E+0001  -0.25902E+0000  -0.87116E-0006
   0.13503E+0003   0.16988E+0001  -0.11666E+0000  -0.90620E-0006
   0.13552E+0003   0.18900E+0001   0.61104E-0001  -0.93135E-0006
   0.13602E+0003   0.21128E+0001   0.25224E+0000  -0.94794E-0006
   0.13651E+0003   0.23258E+0001   0.41486E+0000  -0.97148E-0006
   0.13700E+0003   0.24209E+0001   0.49036E+0000  -0.10145E-0005
   0.13754E+0003   0.23674E+0001   0.44486E+0000  -0.10021E-0005
   0.13803E+0003   0.21854E+0001   0.30062E+0000  -0.99933E-0006
   0.13853E+0003   0.19474E+0001   0.10233E+0000  -0.99015E-0006
   0.13902E+0003   0.17190E+0001  -0.10148E+0000  -0.96362E-0006
   0.13951E+0003   0.15352E+0001  -0.27805E+0000  -0.92236E-0006
   0.14000E+0003   0.14029E+0001  -0.41404E+0000  -0.88191E-0006
   0.14054E+0003   0.13092E+0001  -0.51712E+0000  -0.85380E-0006
   0.14104E+0003   0.12589E+0001  -0.57575E+0000  -0.82635E-0006
   0.14153E+0003   0.12315E+0001  -0.60865E+0000  -0.79603E-0006
   0.14202E+0003   0.12212E+0001  -0.62097E+0000  -0.77383E-0006
   0.14252E+0003   0.12259E+0001  -0.61494E+0000  -0.80514E-0006
   0.14301E+0003   0.12481E+0001  -0.59015E+0000  -0.85659E-0006
   0.14350E+0003   0.12912E+0001  -0.54511E+0000  -0.90059E-0006
   0.14405E+0003   0.13656E+0001  -0.47210E+0000  -0.94684E-0006
   0.14454E+0003   0.14561E+0001  -0.38872E+0000  -0.98912E-0006
   0.14503E+0003   0.15584E+0001  -0.29980E+0000  -0.10128E-0005
   0.14553E+0003   0.16534E+0001  -0.22208E+0000  -0.10562E-0005
   0.14602E+0003   0.17150E+0001  -0.17612E+0000  -0.11180E-0005
   0.14652E+0003   0.17154E+0001  -0.17644E+0000  -0.11299E-0005
   0.14701E+0003   0.16662E+0001  -0.22245E+0000  -0.10904E-0005
   0.14751E+0003   0.15725E+0001  -0.30735E+0000  -0.10621E-0005
   0.14800E+0003   0.14564E+0001  -0.41581E+0000  -0.10403E-0005
   0.14850E+0003   0.13377E+0001  -0.53199E+0000  -0.10076E-0005
   0.14905E+0003   0.12188E+0001  -0.65486E+0000  -0.97519E-0006
   0.14954E+0003   0.11257E+0001  -0.75555E+0000  -0.96301E-0006
   0.15004E+0003   0.10467E+0001  -0.84395E+0000  -0.94718E-0006
   0.15054E+0003   0.97944E+0000  -0.92032E+0000  -0.93538E-0006
   0.15155E+0003   0.87618E+0000  -0.10368E+0001  -0.88736E-0006
   0.15200E+0003   0.84567E+0000  -0.10704E+0001  -0.85690E-0006
   0.15251E+0003   0.82895E+0000  -0.10887E+0001  -0.83399E-0006
   0.15302E+0003   0.83592E+0000  -0.10817E+0001  -0.86972E-0006
   0.15353E+0003   0.87103E+0000  -0.10443E+0001  -0.92142E-0006
   0.15404E+0003   0.94192E+0000  -0.97148E+0000  -0.96258E-0006
   0.15450E+0003   0.10384E+0001  -0.87498E+0000  -0.99514E-0006
   0.15502E+0003   0.11805E+0001  -0.73814E+0000  -0.10318E-0005
   0.15553E+0003   0.13457E+0001  -0.58581E+0000  -0.10675E-0005
   0.15604E+0003   0.15034E+0001  -0.44585E+0000  -0.10937E-0005
   0.15651E+0003   0.16031E+0001  -0.36046E+0000  -0.11194E-0005
   0.15702E+0003   0.16075E+0001  -0.33834E+0000  -0.11226E-0005
   0.15753E+0003   0.15239E+0001  -0.39125E+0000  -0.10839E-0005
   0.15804E+0003   0.13641E+0001  -0.50566E+0000  -0.10504E-0005
   0.15850E+0003   0.11900E+0001  -0.63640E+0000  -0.10326E-0005
   0.15901E+0003   0.99885E+0000  -0.78353E+0000  -0.10289E-0005
   0.15952E+0003   0.83029E+0000  -0.91209E+0000  -0.10107E-0005
   0.16002E+0003   0.69267E+0000  -0.10102E+0001  -0.99328E-0006
   0.16053E+0003   0.58824E+0000  -0.10722E+0001  -0.95703E-0006
   0.16105E+0003   0.51700E+0000  -0.10952E+0001  -0.91162E-0006
   0.16151E+0003   0.48210E+0000  -0.10821E+0001  -0.87123E-0006
   0.16202E+0003   0.47566E+0000  -0.10287E+0001  -0.82387E-0006
   0.16253E+0003   0.50710E+0000  -0.93275E+0000  -0.87616E-0006
   0.16305E+0003   0.58136E+0000  -0.79239E+0000  -0.91864E-0006
   0.16351E+0003   0.68719E+0000  -0.63050E+0000  -0.95261E-0006
   0.16402E+0003   0.84271E+0000  -0.42254E+0000  -0.99380E-0006
   0.16453E+0003   0.10150E+0001  -0.21102E+0000  -0.10173E-0005
   0.16505E+0003   0.11605E+0001  -0.37877E-0001  -0.10577E-0005
   0.16551E+0003   0.11986E+0001   0.44790E-0001  -0.11005E-0005
   0.16602E+0003   0.11228E+0001   0.38141E-0001  -0.10861E-0005
   0.16653E+0003   0.93933E+0000  -0.60557E-0001  -0.10775E-0005
   0.16704E+0003   0.70081E+0000  -0.21372E+0000  -0.10689E-0005
   0.16754E+0003   0.46447E+0000  -0.37776E+0000  -0.10510E-0005
   0.16805E+0003   0.26343E+0000  -0.51990E+0000  -0.10307E-0005
   0.16851E+0003   0.12468E+0000  -0.61300E+0000  -0.10154E-0005
   0.16902E+0003   0.18688E-0001  -0.66925E+0000  -0.99060E-0006
   0.16953E+0003  -0.33749E-0001  -0.67381E+0000  -0.96001E-0006
   0.17005E+0003  -0.41962E-0001  -0.62837E+0000  -0.93059E-0006
   0.17051E+0003  -0.94727E-0002  -0.54609E+0000  -0.97391E-0006
   0.17102E+0003   0.71097E-0001  -0.40991E+0000  -0.10169E-0005
   0.17154E+0003   0.19765E+0000  -0.23273E+0000  -0.10550E-0005
   0.17205E+0003   0.36206E+0000  -0.28731E-0001  -0.10873E-0005
   0.17251E+0003   0.52325E+0000   0.15587E+0000  -0.11117E-0005
   0.17302E+0003   0.67861E+0000   0.32492E+0000  -0.11403E-0005
   0.17354E+0003   0.73840E+0000   0.41212E+0000  -0.11832E-0005
   0.17405E+0003   0.68974E+0000   0.39905E+0000  -0.11633E-0005
   0.17451E+0003   0.55860E+0000   0.30905E+0000  -0.11325E-0005
   0.17501E+0003   0.35829E+0000   0.15283E+0000  -0.11075E-0005
   0.17552E+0003   0.15106E+0000  -0.23231E-0001  -0.10957E-0005
   0.17603E+0003  -0.29421E-0001  -0.18620E+0000  -0.10786E-0005
   0.17654E+0003  -0.16586E+0000  -0.31444E+0000  -0.10568E-0005
   0.17705E+0003  -0.25364E+0000  -0.39577E+0000  -0.10335E-0005
   0.17751E+0003  -0.28253E+0000  -0.42299E+0000  -0.10009E-0005
   0.17802E+0003  -0.26925E+0000  -0.40256E+0000  -0.10340E-0005
   0.17854E+0003  -0.20279E+0000  -0.32786E+0000  -0.10784E-0005
   0.17905E+0003  -0.81361E-0001  -0.19994E+0000  -0.11138E-0005
   0.17951E+0003   0.72556E-0001  -0.45873E-0001  -0.11384E-0005
   0.18003E+0003   0.27946E+0000   0.14964E+0000  -0.11603E-0005
   0.18054E+0003   0.48857E+0000   0.33643E+0000  -0.11799E-0005
   0.18100E+0003   0.63616E+0000   0.45672E+0000  -0.11982E-0005
   0.18151E+0003   0.66356E+0000   0.49583E+0000  -0.12126E-0005
   0.18202E+0003   0.58927E+0000   0.43674E+0000  -0.11684E-0005
   0.18253E+0003   0.42158E+0000   0.29880E+0000  -0.11366E-0005
   0.18304E+0003   0.22140E+0000   0.12385E+0000  -0.11200E-0005
   0.18355E+0003   0.32178E-0001  -0.50103E-0001  -0.11055E-0005
   0.18401E+0003  -0.10976E+0000  -0.18461E+0000  -0.10880E-0005
   0.18452E+0003  -0.22550E+0000  -0.29567E+0000  -0.10649E-0005
   0.18503E+0003  -0.29608E+0000  -0.35910E+0000  -0.10341E-0005
   0.18554E+0003  -0.30943E+0000  -0.37156E+0000  -0.10032E-0005
   0.18600E+0003  -0.28424E+0000  -0.34093E+0000  -0.10448E-0005
   0.18652E+0003  -0.20242E+0000  -0.25878E+0000  -0.10849E-0005
   0.18703E+0003  -0.62761E-0001  -0.12841E+0000  -0.11190E-0005
   0.18755E+0003   0.13165E+0000   0.40029E-0001  -0.11438E-0005
   0.18801E+0003   0.33799E+0000   0.20395E+0000  -0.11614E-0005
   0.18852E+0003   0.56516E+0000   0.36284E+0000  -0.11821E-0005
   0.18904E+0003   0.70947E+0000   0.44442E+0000  -0.12054E-0005
   0.18955E+0003   0.71711E+0000   0.41874E+0000  -0.12497E-0005
   0.19001E+0003   0.62315E+0000   0.31225E+0000  -0.12199E-0005
   0.19053E+0003   0.44499E+0000   0.13196E+0000  -0.11874E-0005
   0.19104E+0003   0.24719E+0000  -0.67193E-0001  -0.11666E-0005
   0.19150E+0003   0.85886E-0001  -0.22898E+0000  -0.11542E-0005
   0.19202E+0003  -0.57942E-0001  -0.36743E+0000  -0.11365E-0005
   0.19254E+0003  -0.15878E+0000  -0.45219E+0000  -0.11096E-0005
   0.19305E+0003  -0.21539E+0000  -0.48118E+0000  -0.10838E-0005
   0.19351E+0003  -0.22590E+0000  -0.46115E+0000  -0.10550E-0005
   0.19402E+0003  -0.19477E+0000  -0.38967E+0000  -0.10901E-0005
   0.19454E+0003  -0.10963E+0000  -0.26711E+0000  -0.11298E-0005
   0.19501E+0003   0.17482E-0001  -0.11676E+0000  -0.11574E-0005
   0.19553E+0003   0.21045E+0000   0.80235E-0001  -0.11819E-0005
   0.19604E+0003   0.43072E+0000   0.27840E+0000  -0.12000E-0005
   0.19651E+0003   0.61386E+0000   0.41900E+0000  -0.12175E-0005
   0.19703E+0003   0.69756E+0000   0.48108E+0000  -0.12468E-0005
   0.19755E+0003   0.66295E+0000   0.42947E+0000  -0.12183E-0005
   0.19802E+0003   0.53114E+0000   0.29797E+0000  -0.11920E-0005
   0.19854E+0003   0.32950E+0000   0.98012E-0001  -0.11683E-0005
   0.19901E+0003   0.14746E+0000  -0.89157E-0001  -0.11589E-0005
   0.19954E+0003  -0.21430E-0001  -0.26875E+0000  -0.11436E-0005
   0.20000E+0003   0.00000E+0000   0.00000E+0000   0.00000E+0000
   0.20000E+0003   0.00000E+0000   0.00000E+0000   0.00000E+0000
   0.20000E+0003   0.00000E+0000   0.00000E+0000   0.00000E+0000
