   0.00000E+0000   0.00000E+0000   0.00000E+0000   0.00000E+0000
   0.53538E+0000  -0.82509E-0006  -0.10889E-0006  -0.76160E-0007
   0.10143E+0001  -0.16632E-0005  -0.81673E-0007  -0.14762E-0006
   0.15464E+0001  -0.20304E-0005  -0.14120E-0006  -0.22182E-0006
   0.20253E+0001  -0.24163E-0005  -0.27442E-0006  -0.28629E-0006
   0.25042E+0001  -0.38100E-0005  -0.21356E-0006  -0.33324E-0006
   0.30364E+0001  -0.40231E-0005  -0.38875E-0006  -0.40057E-0006
   0.35153E+0001  -0.45766E-0005  -0.51873E-0006  -0.46867E-0006
   0.40474E+0001  -0.55473E-0005  -0.52854E-0006  -0.50861E-0006
   0.45263E+0001  -0.60456E-0005  -0.62956E-0006  -0.58025E-0006
   0.50052E+0001  -0.71550E-0005  -0.62252E-0006  -0.62010E-0006
   0.55374E+0001  -0.69302E-0005  -0.86179E-0006  -0.69314E-0006
   0.60163E+0001  -0.77120E-0005  -0.91312E-0006  -0.76253E-0006
   0.65484E+0001  -0.93246E-0005  -0.80129E-0006  -0.80266E-0006
   0.70273E+0001  -0.94401E-0005  -0.95796E-0006  -0.87324E-0006
   0.75062E+0001  -0.10394E-0004  -0.12669E-0005  -0.93426E-0006
   0.80384E+0001  -0.97783E-0005  -0.24866E-0005  -0.99935E-0006
   0.85173E+0001  -0.96991E-0005  -0.44781E-0005  -0.10637E-0005
   0.90494E+0001  -0.76628E-0005  -0.91239E-0005  -0.11351E-0005
   0.95283E+0001  -0.25715E-0005  -0.18108E-0004  -0.11992E-0005
   0.10007E+0002   0.91001E-0005  -0.36150E-0004  -0.12561E-0005
   0.10537E+0002   0.36381E-0004  -0.75999E-0004  -0.13127E-0005
   0.11006E+0002   0.83466E-0004  -0.14310E-0003  -0.13601E-0005
   0.11524E+0002   0.18089E-0003  -0.27958E-0003  -0.14104E-0005
   0.12041E+0002   0.36456E-0003  -0.53210E-0003  -0.14596E-0005
   0.12509E+0002   0.66092E-0003  -0.93259E-0003  -0.15035E-0005
   0.13030E+0002   0.12395E-0002  -0.17022E-0002  -0.15522E-0005
   0.13549E+0002   0.22504E-0002  -0.30274E-0002  -0.16006E-0005
   0.14016E+0002   0.37611E-0002  -0.49825E-0002  -0.16444E-0005
   0.14535E+0002   0.65091E-0002  -0.84943E-0002  -0.16927E-0005
   0.15049E+0002   0.10967E-0001  -0.14119E-0001  -0.17405E-0005
   0.15508E+0002   0.17153E-0001  -0.21833E-0001  -0.17825E-0005
   0.16018E+0002   0.27664E-0001  -0.34782E-0001  -0.18285E-0005
   0.16532E+0002   0.43928E-0001  -0.54558E-0001  -0.18742E-0005
   0.17048E+0002   0.68519E-0001  -0.84029E-0001  -0.19179E-0005
   0.17512E+0002   0.10047E+0000  -0.12173E+0000  -0.19548E-0005
   0.18027E+0002   0.15072E+0000  -0.17993E+0000  -0.19932E-0005
   0.18542E+0002   0.22120E+0000  -0.25965E+0000  -0.20267E-0005
   0.19005E+0002   0.30605E+0000  -0.35298E+0000  -0.20536E-0005
   0.19520E+0002   0.42733E+0000  -0.48194E+0000  -0.20784E-0005
   0.20036E+0002   0.57636E+0000  -0.63380E+0000  -0.20913E-0005
   0.20501E+0002   0.72647E+0000  -0.78008E+0000  -0.21007E-0005
   0.21018E+0002   0.88919E+0000  -0.93215E+0000  -0.21099E-0005
   0.21534E+0002   0.10159E+0001  -0.10449E+0001  -0.21327E-0005
   0.22050E+0002   0.10575E+0001  -0.10914E+0001  -0.21510E-0005
   0.22513E+0002   0.10347E+0001  -0.10761E+0001  -0.21217E-0005
   0.23024E+0002   0.95275E+0000  -0.10118E+0001  -0.20910E-0005
   0.23535E+0002   0.85006E+0000  -0.92636E+0000  -0.20574E-0005
   0.24047E+0002   0.76324E+0000  -0.85077E+0000  -0.20334E-0005
   0.24510E+0002   0.71872E+0000  -0.81097E+0000  -0.20120E-0005
   0.25025E+0002   0.72045E+0000  -0.80757E+0000  -0.20157E-0005
   0.25540E+0002   0.76200E+0000  -0.84146E+0000  -0.20455E-0005
   0.26004E+0002   0.82442E+0000  -0.89303E+0000  -0.20740E-0005
   0.26519E+0002   0.89847E+0000  -0.95396E+0000  -0.21051E-0005
   0.27033E+0002   0.95095E+0000  -0.99621E+0000  -0.21365E-0005
   0.27548E+0002   0.95412E+0000  -0.10049E+0001  -0.21400E-0005
   0.28011E+0002   0.92886E+0000  -0.98769E+0000  -0.21158E-0005
   0.28525E+0002   0.88084E+0000  -0.95236E+0000  -0.20935E-0005
   0.29039E+0002   0.83515E+0000  -0.91873E+0000  -0.20636E-0005
   0.29502E+0002   0.82113E+0000  -0.90453E+0000  -0.20345E-0005
   0.30016E+0002   0.82955E+0000  -0.90965E+0000  -0.20832E-0005
   0.30529E+0002   0.86027E+0000  -0.93184E+0000  -0.21338E-0005
   0.31038E+0002   0.89801E+0000  -0.95895E+0000  -0.21753E-0005
   0.31546E+0002   0.91976E+0000  -0.97641E+0000  -0.22166E-0005
   0.32006E+0002   0.91856E+0000  -0.97820E+0000  -0.22114E-0005
   0.32520E+0002   0.90120E+0000  -0.96737E+0000  -0.21982E-0005
   0.33034E+0002   0.87574E+0000  -0.95096E+0000  -0.21764E-0005
   0.33548E+0002   0.86249E+0000  -0.94055E+0000  -0.21536E-0005
   0.34010E+0002   0.86409E+0000  -0.94038E+0000  -0.21883E-0005
   0.34524E+0002   0.87725E+0000  -0.94873E+0000  -0.22492E-0005
   0.35037E+0002   0.89561E+0000  -0.96038E+0000  -0.23036E-0005
   0.35550E+0002   0.90362E+0000  -0.96730E+0000  -0.23456E-0005
   0.36011E+0002   0.90203E+0000  -0.96738E+0000  -0.23390E-0005
   0.36523E+0002   0.89276E+0000  -0.96232E+0000  -0.23144E-0005
   0.37035E+0002   0.88288E+0000  -0.95643E+0000  -0.22947E-0005
   0.37547E+0002   0.88135E+0000  -0.95426E+0000  -0.22962E-0005
   0.38008E+0002   0.88413E+0000  -0.95580E+0000  -0.23424E-0005
   0.38519E+0002   0.89128E+0000  -0.95993E+0000  -0.23980E-0005
   0.39029E+0002   0.89617E+0000  -0.96338E+0000  -0.24473E-0005
   0.39538E+0002   0.89627E+0000  -0.96429E+0000  -0.24617E-0005
   0.40049E+0002   0.89349E+0000  -0.96314E+0000  -0.24481E-0005
   0.40509E+0002   0.89057E+0000  -0.96161E+0000  -0.24283E-0005
   0.41020E+0002   0.89001E+0000  -0.96092E+0000  -0.24262E-0005
   0.41531E+0002   0.89105E+0000  -0.96149E+0000  -0.24726E-0005
   0.42042E+0002   0.89342E+0000  -0.96282E+0000  -0.25171E-0005
   0.42502E+0002   0.89474E+0000  -0.96378E+0000  -0.25706E-0005
   0.43012E+0002   0.89477E+0000  -0.96409E+0000  -0.25940E-0005
   0.43522E+0002   0.89391E+0000  -0.96379E+0000  -0.25726E-0005
   0.44032E+0002   0.89311E+0000  -0.96338E+0000  -0.25516E-0005
   0.44541E+0002   0.89308E+0000  -0.96331E+0000  -0.25835E-0005
   0.45050E+0002   0.89358E+0000  -0.96362E+0000  -0.26362E-0005
   0.45507E+0002   0.89432E+0000  -0.96407E+0000  -0.26763E-0005
   0.46016E+0002   0.89482E+0000  -0.96447E+0000  -0.27165E-0005
   0.46523E+0002   0.89483E+0000  -0.96463E+0000  -0.27548E-0005
   0.47031E+0002   0.89466E+0000  -0.96464E+0000  -0.27264E-0005
   0.47538E+0002   0.89462E+0000  -0.96468E+0000  -0.27297E-0005
   0.48045E+0002   0.89476E+0000  -0.96482E+0000  -0.27692E-0005
   0.48501E+0002   0.89509E+0000  -0.96505E+0000  -0.28193E-0005
   0.49007E+0002   0.89546E+0000  -0.96529E+0000  -0.28611E-0005
   0.49513E+0002   0.89555E+0000  -0.96541E+0000  -0.29089E-0005
   0.50524E+0002   0.89532E+0000  -0.96534E+0000  -0.29024E-0005
   0.51029E+0002   0.89528E+0000  -0.96532E+0000  -0.29136E-0005
   0.51534E+0002   0.89533E+0000  -0.96536E+0000  -0.29665E-0005
   0.52038E+0002   0.89547E+0000  -0.96545E+0000  -0.30100E-0005
   0.52542E+0002   0.89561E+0000  -0.96557E+0000  -0.30528E-0005
   0.53039E+0002   0.89570E+0000  -0.96566E+0000  -0.30961E-0005
   0.53528E+0002   0.89574E+0000  -0.96572E+0000  -0.31474E-0005
   0.54010E+0002   0.89576E+0000  -0.96577E+0000  -0.31940E-0005
   0.54540E+0002   0.89581E+0000  -0.96584E+0000  -0.32478E-0005
   0.55026E+0002   0.89590E+0000  -0.96593E+0000  -0.32817E-0005
   0.55515E+0002   0.89603E+0000  -0.96605E+0000  -0.33177E-0005
   0.56044E+0002   0.89616E+0000  -0.96617E+0000  -0.33636E-0005
   0.56518E+0002   0.89625E+0000  -0.96625E+0000  -0.34031E-0005
   0.57038E+0002   0.89628E+0000  -0.96630E+0000  -0.34637E-0005
   0.57514E+0002   0.89627E+0000  -0.96631E+0000  -0.34849E-0005
   0.58046E+0002   0.89622E+0000  -0.96629E+0000  -0.34964E-0005
   0.58533E+0002   0.89619E+0000  -0.96629E+0000  -0.35062E-0005
   0.59020E+0002   0.89618E+0000  -0.96631E+0000  -0.35385E-0005
   0.59502E+0002   0.89620E+0000  -0.96636E+0000  -0.35964E-0005
   0.60028E+0002   0.89624E+0000  -0.96645E+0000  -0.36463E-0005
   0.60506E+0002   0.89628E+0000  -0.96654E+0000  -0.36933E-0005
   0.61035E+0002   0.89629E+0000  -0.96666E+0000  -0.37568E-0005
   0.61519E+0002   0.89627E+0000  -0.96677E+0000  -0.37799E-0005
   0.62004E+0002   0.89621E+0000  -0.96691E+0000  -0.37575E-0005
   0.62536E+0002   0.89610E+0000  -0.96709E+0000  -0.37411E-0005
   0.63017E+0002   0.89598E+0000  -0.96731E+0000  -0.37132E-0005
   0.63546E+0002   0.89580E+0000  -0.96763E+0000  -0.36874E-0005
   0.64029E+0002   0.89557E+0000  -0.96802E+0000  -0.36615E-0005
   0.64511E+0002   0.89526E+0000  -0.96849E+0000  -0.36333E-0005
   0.65042E+0002   0.89476E+0000  -0.96915E+0000  -0.35988E-0005
   0.65525E+0002   0.89413E+0000  -0.96989E+0000  -0.35755E-0005
   0.66008E+0002   0.89331E+0000  -0.97081E+0000  -0.35539E-0005
   0.66538E+0002   0.89215E+0000  -0.97211E+0000  -0.35363E-0005
   0.67021E+0002   0.89084E+0000  -0.97361E+0000  -0.34955E-0005
   0.67506E+0002   0.88923E+0000  -0.97548E+0000  -0.34646E-0005
   0.68038E+0002   0.88708E+0000  -0.97804E+0000  -0.34265E-0005
   0.68519E+0002   0.88469E+0000  -0.98087E+0000  -0.33938E-0005
   0.69047E+0002   0.88150E+0000  -0.98463E+0000  -0.33562E-0005
   0.69528E+0002   0.87800E+0000  -0.98871E+0000  -0.33241E-0005
   0.70010E+0002   0.87387E+0000  -0.99349E+0000  -0.32924E-0005
   0.70538E+0002   0.86854E+0000  -0.99961E+0000  -0.32631E-0005
   0.71017E+0002   0.86295E+0000  -0.10060E+0001  -0.32311E-0005
   0.71544E+0002   0.85588E+0000  -0.10140E+0001  -0.31970E-0005
   0.72024E+0002   0.84857E+0000  -0.10222E+0001  -0.31724E-0005
   0.72503E+0002   0.84038E+0000  -0.10313E+0001  -0.31449E-0005
   0.73029E+0002   0.83036E+0000  -0.10421E+0001  -0.31142E-0005
   0.73507E+0002   0.82034E+0000  -0.10527E+0001  -0.30883E-0005
   0.74033E+0002   0.80837E+0000  -0.10652E+0001  -0.30545E-0005
   0.74511E+0002   0.79677E+0000  -0.10770E+0001  -0.30301E-0005
   0.75036E+0002   0.78342E+0000  -0.10905E+0001  -0.30008E-0005
   0.75513E+0002   0.77098E+0000  -0.11030E+0001  -0.29703E-0005
   0.76039E+0002   0.75728E+0000  -0.11166E+0001  -0.29394E-0005
   0.76516E+0002   0.74518E+0000  -0.11287E+0001  -0.29172E-0005
   0.77041E+0002   0.73275E+0000  -0.11410E+0001  -0.29015E-0005
   0.77518E+0002   0.72280E+0000  -0.11508E+0001  -0.28892E-0005
   0.78043E+0002   0.71412E+0000  -0.11591E+0001  -0.28652E-0005
   0.78520E+0002   0.70899E+0000  -0.11635E+0001  -0.28392E-0005
   0.79044E+0002   0.70833E+0000  -0.11630E+0001  -0.28281E-0005
   0.79522E+0002   0.71301E+0000  -0.11565E+0001  -0.28802E-0005
   0.80046E+0002   0.72660E+0000  -0.11398E+0001  -0.29270E-0005
   0.80524E+0002   0.74913E+0000  -0.11131E+0001  -0.29579E-0005
   0.81001E+0002   0.78475E+0000  -0.10721E+0001  -0.29999E-0005
   0.81526E+0002   0.84404E+0000  -0.10054E+0001  -0.30368E-0005
   0.82004E+0002   0.92184E+0000  -0.91999E+0000  -0.30520E-0005
   0.82529E+0002   0.10410E+0001  -0.79285E+0000  -0.30677E-0005
   0.83007E+0002   0.11859E+0001  -0.64353E+0000  -0.30658E-0005
   0.83533E+0002   0.13890E+0001  -0.44306E+0000  -0.30472E-0005
   0.84011E+0002   0.16079E+0001  -0.23724E+0000  -0.30289E-0005
   0.84537E+0002   0.18625E+0001  -0.95099E-0002  -0.30032E-0005
   0.85015E+0002   0.20636E+0001   0.16562E+0000  -0.29706E-0005
   0.85542E+0002   0.21975E+0001   0.28439E+0000  -0.29836E-0005
   0.86021E+0002   0.22030E+0001   0.31063E+0000  -0.29816E-0005
   0.86548E+0002   0.21342E+0001   0.27258E+0000  -0.29434E-0005
   0.87027E+0002   0.20432E+0001   0.20909E+0000  -0.29095E-0005
   0.87507E+0002   0.19669E+0001   0.15066E+0000  -0.28864E-0005
   0.88035E+0002   0.19364E+0001   0.11631E+0000  -0.28416E-0005
   0.88515E+0002   0.19433E+0001   0.11151E+0000  -0.28838E-0005
   0.89044E+0002   0.19722E+0001   0.12009E+0000  -0.29319E-0005
   0.89524E+0002   0.19826E+0001   0.12099E+0000  -0.29691E-0005
   0.90005E+0002   0.19687E+0001   0.10415E+0000  -0.29266E-0005
   0.90535E+0002   0.19178E+0001   0.62895E-0001  -0.28998E-0005
   0.91017E+0002   0.18539E+0001   0.15688E-0001  -0.28652E-0005
   0.91547E+0002   0.17927E+0001  -0.23888E-0001  -0.28182E-0005
   0.92030E+0002   0.17831E+0001  -0.26867E-0001  -0.27967E-0005
   0.92513E+0002   0.18177E+0001   0.92810E-0002  -0.28411E-0005
   0.93044E+0002   0.19171E+0001   0.92920E-0001  -0.28628E-0005
   0.93528E+0002   0.20417E+0001   0.18841E+0000  -0.28713E-0005
   0.94012E+0002   0.21631E+0001   0.26654E+0000  -0.28777E-0005
   0.94544E+0002   0.21890E+0001   0.28289E+0000  -0.29011E-0005
   0.95026E+0002   0.21232E+0001   0.22435E+0000  -0.28902E-0005
   0.95509E+0002   0.19730E+0001   0.10743E+0000  -0.28933E-0005
   0.96041E+0002   0.17800E+0001  -0.42057E-0001  -0.29056E-0005
   0.96525E+0002   0.16383E+0001  -0.14559E+0000  -0.29089E-0005
   0.97009E+0002   0.15982E+0001  -0.17326E+0000  -0.28803E-0005
   0.97539E+0002   0.16653E+0001  -0.95415E-0001  -0.29043E-0005
   0.98020E+0002   0.18587E+0001   0.78544E-0001  -0.29030E-0005
   0.98500E+0002   0.21603E+0001   0.32096E+0000  -0.28647E-0005
   0.99029E+0002   0.25522E+0001   0.57627E+0000  -0.28231E-0005
   0.99509E+0002   0.26749E+0001   0.66149E+0000  -0.28286E-0005
   0.10004E+0003   0.25282E+0001   0.53369E+0000  -0.28081E-0005
   0.10100E+0003   0.17238E+0001  -0.10688E+0000  -0.29394E-0005
   0.10153E+0003   0.13277E+0001  -0.46642E+0000  -0.30162E-0005
   0.10201E+0003   0.10744E+0001  -0.71504E+0000  -0.30622E-0005
   0.10254E+0003   0.90756E+0000  -0.88290E+0000  -0.30870E-0005
   0.10301E+0003   0.86370E+0000  -0.93271E+0000  -0.30779E-0005
   0.10354E+0003   0.91026E+0000  -0.87357E+0000  -0.31107E-0005
   0.10402E+0003   0.10665E+0001  -0.70461E+0000  -0.31164E-0005
   0.10451E+0003   0.13520E+0001  -0.41584E+0000  -0.30719E-0005
   0.10504E+0003   0.18446E+0001   0.29771E-0001  -0.29681E-0005
   0.10552E+0003   0.24345E+0001   0.48644E+0000  -0.28562E-0005
   0.10605E+0003   0.29949E+0001   0.85326E+0000  -0.27571E-0005
   0.10653E+0003   0.29938E+0001   0.88714E+0000  -0.27487E-0005
   0.10701E+0003   0.26401E+0001   0.65932E+0000  -0.27882E-0005
   0.10754E+0003   0.20945E+0001   0.25727E+0000  -0.28708E-0005
   0.10801E+0003   0.16963E+0001  -0.86776E-0001  -0.29193E-0005
   0.10854E+0003   0.14329E+0001  -0.35058E+0000  -0.29255E-0005
   0.10902E+0003   0.13355E+0001  -0.47074E+0000  -0.29207E-0005
   0.10950E+0003   0.13427E+0001  -0.49521E+0000  -0.29478E-0005
   0.11003E+0003   0.14252E+0001  -0.44756E+0000  -0.29783E-0005
   0.11051E+0003   0.15354E+0001  -0.36863E+0000  -0.29889E-0005
   0.11103E+0003   0.16537E+0001  -0.27898E+0000  -0.30077E-0005
   0.11151E+0003   0.17253E+0001  -0.21912E+0000  -0.30263E-0005
   0.11204E+0003   0.17497E+0001  -0.18312E+0000  -0.30752E-0005
   0.11252E+0003   0.17534E+0001  -0.16081E+0000  -0.31126E-0005
   0.11304E+0003   0.17809E+0001  -0.11691E+0000  -0.31475E-0005
   0.11353E+0003   0.18564E+0001  -0.34456E-0001  -0.31643E-0005
   0.11401E+0003   0.20067E+0001   0.10032E+0000  -0.31685E-0005
   0.11454E+0003   0.22452E+0001   0.29033E+0000  -0.31550E-0005
   0.11503E+0003   0.24804E+0001   0.44765E+0000  -0.31441E-0005
   0.11552E+0003   0.25576E+0001   0.50751E+0000  -0.31728E-0005
   0.11601E+0003   0.24736E+0001   0.44031E+0000  -0.31462E-0005
   0.11651E+0003   0.22247E+0001   0.26069E+0000  -0.31539E-0005
   0.11705E+0003   0.18824E+0001   0.44708E-0002  -0.32110E-0005
   0.11754E+0003   0.16035E+0001  -0.21110E+0000  -0.32484E-0005
   0.11803E+0003   0.13987E+0001  -0.36679E+0000  -0.32737E-0005
   0.11852E+0003   0.12708E+0001  -0.44662E+0000  -0.32611E-0005
   0.11901E+0003   0.12188E+0001  -0.45059E+0000  -0.32563E-0005
   0.11950E+0003   0.12207E+0001  -0.38815E+0000  -0.32751E-0005
   0.12004E+0003   0.12758E+0001  -0.25657E+0000  -0.33137E-0005
   0.12053E+0003   0.13609E+0001  -0.91414E-0001  -0.33352E-0005
   0.12102E+0003   0.14698E+0001   0.10579E+0000  -0.33444E-0005
   0.12152E+0003   0.15953E+0001   0.32438E+0000  -0.33598E-0005
   0.12201E+0003   0.17305E+0001   0.55112E+0000  -0.33660E-0005
   0.12255E+0003   0.18727E+0001   0.78495E+0000  -0.33697E-0005
   0.12304E+0003   0.19614E+0001   0.94858E+0000  -0.33744E-0005
   0.12353E+0003   0.19593E+0001   0.10273E+0001  -0.33761E-0005
   0.12402E+0003   0.18265E+0001   0.10036E+0001  -0.33673E-0005
   0.12451E+0003   0.15948E+0001   0.89122E+0000  -0.34013E-0005
   0.12501E+0003   0.13124E+0001   0.72719E+0000  -0.34547E-0005
   0.12555E+0003   0.10126E+0001   0.54002E+0000  -0.35226E-0005
   0.12604E+0003   0.79125E+0000   0.40076E+0000  -0.35761E-0005
   0.12653E+0003   0.63244E+0000   0.31017E+0000  -0.35945E-0005
   0.12702E+0003   0.54596E+0000   0.27636E+0000  -0.35771E-0005
   0.12751E+0003   0.52198E+0000   0.29774E+0000  -0.35330E-0005
   0.12801E+0003   0.55775E+0000   0.37215E+0000  -0.35482E-0005
   0.12855E+0003   0.66715E+0000   0.51148E+0000  -0.35516E-0005
   0.12904E+0003   0.82561E+0000   0.68356E+0000  -0.35345E-0005
   0.12953E+0003   0.10291E+0001   0.88528E+0000  -0.35101E-0005
   0.13002E+0003   0.12537E+0001   0.10925E+0001  -0.34815E-0005
   0.13051E+0003   0.14573E+0001   0.12693E+0001  -0.34488E-0005
   0.13101E+0003   0.15900E+0001   0.13751E+0001  -0.34404E-0005
   0.13155E+0003   0.15878E+0001   0.13764E+0001  -0.34333E-0005
   0.13204E+0003   0.14747E+0001   0.12810E+0001  -0.34082E-0005
   0.13253E+0003   0.12833E+0001   0.11209E+0001  -0.34191E-0005
   0.13302E+0003   0.10622E+0001   0.93582E+0000  -0.34689E-0005
   0.13351E+0003   0.85159E+0000   0.76073E+0000  -0.35052E-0005
   0.13400E+0003   0.67483E+0000   0.61826E+0000  -0.35426E-0005
   0.13454E+0003   0.53138E+0000   0.51170E+0000  -0.35380E-0005
   0.13503E+0003   0.45053E+0000   0.46404E+0000  -0.35217E-0005
   0.13552E+0003   0.42459E+0000   0.46435E+0000  -0.34873E-0005
   0.13602E+0003   0.44781E+0000   0.51208E+0000  -0.34970E-0005
   0.13651E+0003   0.53208E+0000   0.60904E+0000  -0.35093E-0005
   0.13700E+0003   0.67756E+0000   0.75437E+0000  -0.34921E-0005
   0.13754E+0003   0.90552E+0000   0.96101E+0000  -0.34612E-0005
   0.13803E+0003   0.11553E+0001   0.11680E+0001  -0.34164E-0005
   0.13853E+0003   0.13975E+0001   0.13517E+0001  -0.33642E-0005
   0.13902E+0003   0.15631E+0001   0.14590E+0001  -0.33595E-0005
   0.13951E+0003   0.15761E+0001   0.14514E+0001  -0.33738E-0005
   0.14000E+0003   0.14636E+0001   0.13363E+0001  -0.33673E-0005
   0.14054E+0003   0.12461E+0001   0.11252E+0001  -0.33965E-0005
   0.14104E+0003   0.10310E+0001   0.90789E+0000  -0.34496E-0005
   0.14153E+0003   0.84374E+0000   0.70632E+0000  -0.34903E-0005
   0.14202E+0003   0.70186E+0000   0.54180E+0000  -0.35087E-0005
   0.14252E+0003   0.60829E+0000   0.42324E+0000  -0.35035E-0005
   0.14301E+0003   0.55944E+0000   0.35384E+0000  -0.34734E-0005
   0.14350E+0003   0.55695E+0000   0.33659E+0000  -0.34509E-0005
   0.14405E+0003   0.60399E+0000   0.37924E+0000  -0.34870E-0005
   0.14454E+0003   0.69287E+0000   0.47740E+0000  -0.34974E-0005
   0.14503E+0003   0.82741E+0000   0.63151E+0000  -0.34927E-0005
   0.14553E+0003   0.10053E+0001   0.83297E+0000  -0.34761E-0005
   0.14602E+0003   0.12120E+0001   0.10593E+0001  -0.34552E-0005
   0.14652E+0003   0.14134E+0001   0.12716E+0001  -0.34424E-0005
   0.14701E+0003   0.15616E+0001   0.14189E+0001  -0.34393E-0005
   0.14751E+0003   0.15765E+0001   0.14529E+0001  -0.34812E-0005
   0.14800E+0003   0.14680E+0001   0.13683E+0001  -0.34655E-0005
   0.14850E+0003   0.12695E+0001   0.11893E+0001  -0.35057E-0005
   0.14905E+0003   0.10267E+0001   0.94119E+0000  -0.35771E-0005
   0.14954E+0003   0.83400E+0000   0.71807E+0000  -0.36218E-0005
   0.15004E+0003   0.69250E+0000   0.52914E+0000  -0.36432E-0005
   0.15054E+0003   0.60856E+0000   0.39115E+0000  -0.36300E-0005
   0.15155E+0003   0.59550E+0000   0.29471E+0000  -0.35845E-0005
   0.15200E+0003   0.64633E+0000   0.33308E+0000  -0.36087E-0005
   0.15251E+0003   0.73403E+0000   0.43583E+0000  -0.36176E-0005
   0.15302E+0003   0.85210E+0000   0.59941E+0000  -0.36281E-0005
   0.15353E+0003   0.10033E+0001   0.81592E+0000  -0.36256E-0005
   0.15404E+0003   0.11837E+0001   0.10643E+0001  -0.36080E-0005
   0.15450E+0003   0.13481E+0001   0.12816E+0001  -0.35870E-0005
   0.15502E+0003   0.14902E+0001   0.14636E+0001  -0.35988E-0005
   0.15553E+0003   0.15113E+0001   0.15246E+0001  -0.36186E-0005
   0.15604E+0003   0.13921E+0001   0.14471E+0001  -0.36244E-0005
   0.15651E+0003   0.12043E+0001   0.12799E+0001  -0.36558E-0005
   0.15702E+0003   0.97980E+0000   0.10376E+0001  -0.37203E-0005
   0.15753E+0003   0.78812E+0000   0.78896E+0000  -0.37822E-0005
   0.15804E+0003   0.65532E+0000   0.57334E+0000  -0.38084E-0005
   0.15850E+0003   0.58888E+0000   0.42717E+0000  -0.37904E-0005
   0.15901E+0003   0.56817E+0000   0.32916E+0000  -0.37537E-0005
   0.15952E+0003   0.57760E+0000   0.30026E+0000  -0.37685E-0005
   0.16002E+0003   0.62160E+0000   0.33997E+0000  -0.37953E-0005
   0.16053E+0003   0.69238E+0000   0.44494E+0000  -0.38162E-0005
   0.16105E+0003   0.78766E+0000   0.60615E+0000  -0.38322E-0005
   0.16151E+0003   0.90419E+0000   0.79003E+0000  -0.38416E-0005
   0.16202E+0003   0.10735E+0001   0.10208E+0001  -0.38307E-0005
   0.16253E+0003   0.12650E+0001   0.12462E+0001  -0.38169E-0005
   0.16305E+0003   0.14317E+0001   0.14163E+0001  -0.37998E-0005
   0.16351E+0003   0.14877E+0001   0.14758E+0001  -0.38277E-0005
   0.16402E+0003   0.14367E+0001   0.14196E+0001  -0.38309E-0005
   0.16453E+0003   0.12630E+0001   0.12507E+0001  -0.38577E-0005
   0.16505E+0003   0.10468E+0001   0.10220E+0001  -0.39226E-0005
   0.16551E+0003   0.86623E+0000   0.81207E+0000  -0.39666E-0005
   0.16602E+0003   0.70895E+0000   0.61089E+0000  -0.40021E-0005
   0.16653E+0003   0.61023E+0000   0.46492E+0000  -0.39983E-0005
   0.16704E+0003   0.57121E+0000   0.38286E+0000  -0.39678E-0005
   0.16754E+0003   0.57907E+0000   0.36314E+0000  -0.39625E-0005
   0.16805E+0003   0.63077E+0000   0.40223E+0000  -0.39880E-0005
   0.16851E+0003   0.70748E+0000   0.48633E+0000  -0.39958E-0005
   0.16902E+0003   0.82292E+0000   0.62995E+0000  -0.39985E-0005
   0.16953E+0003   0.97067E+0000   0.81915E+0000  -0.39822E-0005
   0.17005E+0003   0.11479E+0001   0.10373E+0001  -0.39611E-0005
   0.17051E+0003   0.13096E+0001   0.12292E+0001  -0.39397E-0005
   0.17102E+0003   0.14479E+0001   0.13902E+0001  -0.39411E-0005
   0.17154E+0003   0.14700E+0001   0.14443E+0001  -0.39720E-0005
   0.17205E+0003   0.13660E+0001   0.13767E+0001  -0.39800E-0005
   0.17251E+0003   0.11938E+0001   0.12281E+0001  -0.40302E-0005
   0.17302E+0003   0.97936E+0000   0.10102E+0001  -0.40953E-0005
   0.17354E+0003   0.79049E+0000   0.78473E+0000  -0.41496E-0005
   0.17405E+0003   0.65522E+0000   0.58814E+0000  -0.41720E-0005
   0.17451E+0003   0.58546E+0000   0.45421E+0000  -0.41522E-0005
   0.17501E+0003   0.56240E+0000   0.36300E+0000  -0.41056E-0005
   0.17552E+0003   0.57649E+0000   0.33361E+0000  -0.41143E-0005
   0.17603E+0003   0.62916E+0000   0.36566E+0000  -0.41339E-0005
   0.17654E+0003   0.70675E+0000   0.45656E+0000  -0.41477E-0005
   0.17705E+0003   0.80514E+0000   0.59987E+0000  -0.41564E-0005
   0.17751E+0003   0.91620E+0000   0.76474E+0000  -0.41425E-0005
   0.17802E+0003   0.10636E+0001   0.97010E+0000  -0.41292E-0005
   0.17854E+0003   0.12142E+0001   0.11663E+0001  -0.41310E-0005
   0.17905E+0003   0.13315E+0001   0.13103E+0001  -0.41196E-0005
   0.17951E+0003   0.13602E+0001   0.13584E+0001  -0.41464E-0005
   0.18003E+0003   0.12954E+0001   0.13063E+0001  -0.41061E-0005
   0.18054E+0003   0.11350E+0001   0.11551E+0001  -0.41465E-0005
   0.18100E+0003   0.96020E+0000   0.96707E+0000  -0.41899E-0005
   0.18151E+0003   0.77267E+0000   0.74149E+0000  -0.42296E-0005
   0.18202E+0003   0.61865E+0000   0.53120E+0000  -0.42512E-0005
   0.18253E+0003   0.51035E+0000   0.35718E+0000  -0.42412E-0005
   0.18304E+0003   0.44521E+0000   0.22858E+0000  -0.42200E-0005
   0.18355E+0003   0.40966E+0000   0.14400E+0000  -0.41828E-0005
   0.18401E+0003   0.39272E+0000   0.10196E+0000  -0.41405E-0005
   0.18452E+0003   0.37696E+0000   0.87868E-0001  -0.40952E-0005
   0.18503E+0003   0.35958E+0000   0.10185E+0000  -0.40458E-0005
   0.18554E+0003   0.33949E+0000   0.13702E+0000  -0.40099E-0005
   0.18600E+0003   0.32386E+0000   0.18179E+0000  -0.39778E-0005
   0.18652E+0003   0.31564E+0000   0.24149E+0000  -0.39431E-0005
   0.18703E+0003   0.32397E+0000   0.30807E+0000  -0.39655E-0005
   0.18755E+0003   0.35779E+0000   0.37934E+0000  -0.39940E-0005
   0.18801E+0003   0.41285E+0000   0.44518E+0000  -0.40115E-0005
   0.18852E+0003   0.49815E+0000   0.51563E+0000  -0.40207E-0005
   0.18904E+0003   0.59830E+0000   0.57498E+0000  -0.40209E-0005
   0.18955E+0003   0.69629E+0000   0.61282E+0000  -0.40210E-0005
   0.19001E+0003   0.76203E+0000   0.62015E+0000  -0.40308E-0005
   0.19053E+0003   0.79766E+0000   0.59532E+0000  -0.40607E-0005
   0.19104E+0003   0.78865E+0000   0.53964E+0000  -0.40768E-0005
   0.19150E+0003   0.74961E+0000   0.47359E+0000  -0.40605E-0005
   0.19202E+0003   0.67972E+0000   0.39547E+0000  -0.40612E-0005
   0.19254E+0003   0.59314E+0000   0.32499E+0000  -0.40474E-0005
   0.19305E+0003   0.50079E+0000   0.26878E+0000  -0.40375E-0005
   0.19351E+0003   0.41701E+0000   0.22994E+0000  -0.40319E-0005
   0.19402E+0003   0.32581E+0000   0.19503E+0000  -0.40296E-0005
   0.19454E+0003   0.23951E+0000   0.16220E+0000  -0.40311E-0005
   0.19501E+0003   0.16938E+0000   0.12967E+0000  -0.40318E-0005
   0.19553E+0003   0.10430E+0000   0.87477E-0001  -0.40205E-0005
   0.19604E+0003   0.56598E-0001   0.38826E-0001  -0.40037E-0005
   0.19651E+0003   0.31536E-0001  -0.82139E-0002  -0.39818E-0005
   0.19703E+0003   0.26633E-0001  -0.59416E-0001  -0.39618E-0005
   0.19755E+0003   0.45385E-0001  -0.10374E+0000  -0.40042E-0005
   0.19802E+0003   0.79082E-0001  -0.13265E+0000  -0.40347E-0005
   0.19854E+0003   0.12933E+0000  -0.14718E+0000  -0.40627E-0005
   0.19901E+0003   0.18097E+0000  -0.14074E+0000  -0.40865E-0005
   0.19954E+0003   0.23815E+0000  -0.10965E+0000  -0.41114E-0005
   0.20000E+0003   0.00000E+0000   0.00000E+0000   0.00000E+0000
   0.20000E+0003   0.00000E+0000   0.00000E+0000   0.00000E+0000
   0.20000E+0003   0.00000E+0000   0.00000E+0000   0.00000E+0000
